Genuine unaligned-crossing restart diagnostic
=============================================
N    | h            | theta    | R_standard    | R_restart     | R_corrected   | std_Einf     | restart_Einf | corr_Einf    | corr/std_gain
-----+--------------+----------+---------------+---------------+---------------+--------------+--------------+--------------+--------------
32   | 0.031250     | 0.840000 | -0.009263     | -0.009263     | -4.626894e-04 | 3.998052e-04 | 1.922620e-04 | 2.537343e-04 | 1.575684     
64   | 0.015625     | 0.680000 | -0.007717     | -0.007717     | -1.170300e-04 | 1.348396e-04 | 8.207127e-05 | 5.193628e-05 | 2.596251     
128  | 0.007812     | 0.360000 | -0.005229     | -0.005229     | -2.942906e-05 | 3.903669e-05 | 2.836357e-05 | 5.927016e-06 | 6.586231     
256  | 0.003906     | 0.720000 | -0.001735     | -0.001735     | -7.350060e-06 | 1.009112e-05 | 5.041609e-06 | 4.169492e-06 | 2.420226     
512  | 0.001953     | 0.440000 | -0.001271     | -0.001271     | -1.840207e-06 | 2.812323e-06 | 1.795079e-06 | 5.094384e-07 | 5.520437     
1024 | 9.765625e-04 | 0.880000 | -2.137412e-04 | -2.137412e-04 | -4.599394e-07 | 5.946829e-07 | 1.790346e-07 | 3.952405e-07 | 1.504610     
2048 | 4.882812e-04 | 0.760000 | -1.923025e-04 | -1.923025e-04 | -1.150266e-07 | 1.689937e-07 | 7.263398e-08 | 7.754389e-08 | 2.179329     
